# Last Updated 5th Oct, 2024
# Last Checked 5th Oct, 2024

# Power Codes
name: Power
type: raw
frequency: 38000
duty_cycle: 0.330000
data: 310 27591 171 27662 241 27731 307 27575 107 27749 306 27551 130 55520 243 27614 217 55584 129 27743 119 27756 115 27747 163 27712 308 27502 243 27650 217 27732 175 27693 167 27698 166 27689 171 27622 215 27712 133 27658 216 27716 129 27732 162 27698 305 27571 131 27753 310 27570 170 27707 162 27707 175 10960 9194 4518 618 542 618 543 725 434 672 1623 671 1647 646 514 592 568 592 568 592 1702 592 568 592 567 593 1702 592 568 618 1676 618 1676 618 1676 618 543 617 543 617 543 617 1677 617 544 616 544 616 544 616 544 616 1678 616 1678 616 1678 616 544 616 1678 616 1679 615 1678 616 1678 616 40239 9196 2250 617

name: Power
type: parsed
protocol: NEC
address: 08 00 00 00
command: 0B 00 00 00

name: Power
type: parsed
protocol: NECext
address: 08 13 00 00
command: 87 78 00 00

name: Power
type: parsed
protocol: NEC
address: 02 00 00 00
command: 1D 00 00 00

name: Power
type: raw
frequency: 38000
duty_cycle: 0.330000
data: 9014 4332 661 1570 661 471 660 473 658 474 657 476 655 498 633 498 634 502 633 499 633 1599 632 1599 632 1599 632 1599 632 1599 632 1600 631 1603 632 500 632 501 631 501 631 501 631 501 631 501 631 1601 631 504 631 1601 631 1601 631 1601 631 1601 631 1601 630 1601 630 501 631 1601 631 38177 8983 2149 630

name: Power
type: parsed
protocol: NECext
address: 83 F4 00 00
command: 4F B0 00 00

name: Power
type: parsed
protocol: NECext
address: 80 19 00 00
command: 10 EF 00 00

name: Power
type: parsed
protocol: NEC
address: 80 00 00 00
command: 51 00 00 00

name: Power
type: parsed
protocol: NECext
address: 40 40 00 00
command: 0A F5 00 00

name: Power
type: parsed
protocol: NECext
address: 33 00 00 00
command: 00 FF 00 00

name: Power
type: parsed
protocol: NEC
address: 32 00 00 00
command: 02 00 00 00

name: Power
type: parsed
protocol: Samsung32
address: 07 00 00 00
command: E6 00 00 00

name: Power
type: parsed
protocol: NECext
address: 4F 50 00 00
command: 02 FD 00 00

name: Power
type: raw
frequency: 38000
duty_cycle: 0.330000
data: 8811 4222 530 1580 531 1579 531 507 531 507 531 507 531 508 531 508 530 1582 528 1583 527 535 503 1608 502 536 501 1609 501 537 501 1610 500 538 500 1611 499 538 500 539 500 538 500 1611 500 539 499 538 500 1611 499 539 499 1611 499 1611 500 1611 499 539 499 1611 500 1611 500 539 499 35437 8784 4252 500 1611 500 1612 500 539 500 539 500 539 500 539 500 539 500 1611 500 1612 499 539 500 1612 500 539 500 1612 499 539 500 1612 500 539 500 1612 499 539 500 539 500 539 499 1612 499 540 499 539 500 1612 499 539 500 1612 499 1613 499 1612 499 539 500 1612 500 1612 500 539 500

name: Sony On
type: parsed
protocol: SIRC
address: 01 00 00 00
command: 12 00 00 00

name: Sony Off
type: parsed
protocol: SIRC
address: 01 00 00 00
command: 13 00 00 00

name: Power On RAW
type: raw
frequency: 40000
duty_cycle: 0.33
data: 2400 600 1200 600 600 600 1200 600 600 600 1200 600 600 600 600 600

name: Power Off RAW
type: raw
frequency: 40000
duty_cycle: 0.33
data: 2400 600 1200 600 600 600 1200 600 600 600 600 600 600 600 1200 600
